Point(1) = {0.0, 0.0, 0, ref1};
Point(2) = {0.0, 0.5, 0, ref1};
Point(3) = {0.0, 1.0, 0, ref1};
Point(4) = {0.0199058893499468, 1.001239460124608, 0, ref1};
Point(5) = {0.1187931848996239, 1.013819984341931, 0, ref1};
Point(6) = {0.2164000900632607, 1.03418854794908, 0, ref1};
Point(7) = {0.3130834313555992, 1.05861912045667, 0, ref1};
Point(8) = {0.4096190810114972, 1.083634001268969, 0, ref1};
Point(9) = {0.5068390671255036, 1.105801532692695, 0, ref1};
Point(10) = {0.6052913200596721, 1.121489915359818, 0, ref1};
Point(11) = {0.704808870742957, 1.126848771937905, 0, ref1};
Point(12) = {0.8040733463792342, 1.118361312137025, 0, ref1};
Point(13) = {0.9006659667383042, 1.094031733279423, 0, ref1};
Point(14) = {0.9920211438607042, 1.054300519537807, 0, ref1};
Point(15) = {1.076618182927858, 1.001623586520484, 0, ref1};
Point(16) = {1.155723674510297, 0.9409374023472784, 0, ref1};
Point(17) = {1.231046021025269, 0.8755955151115301, 0, ref1};
Point(18) = {1.303583508746736, 0.8071683702896602, 0, ref1};
Point(19) = {1.373960676946862, 0.7365182242535807, 0, ref1};
Point(20) = {1.442593894161411, 0.6641712202737095, 0, ref1};
Point(21) = {1.509774677510847, 0.5904726877267037, 0, ref1};
Point(22) = {1.575714637996609, 0.515661406763551, 0, ref1};
Point(23) = {1.640571284278216, 0.4399087222369981, 0, ref1};
Point(24) = {1.704463482518785, 0.3633406331365044, 0, ref1};
Point(25) = {1.767480850384951, 0.2860508062325903, 0, ref1};
Point(26) = {1.829689155867647, 0.2081082187698029, 0, ref1};
Point(27) = {1.891132419414796, 0.1295610811613092, 0, ref1};
Point(28) = {1.951831066637888, 0.0504370942785163, 0, ref1};
Point(29) = {2.011772094652155, -0.0292623214775969, 0, ref1};
Point(30) = {2.070872948082422, -0.1095865540469859, 0, ref1};
Point(31) = {2.12858513674843, -0.1909102331999312, 0, ref1};
Point(32) = {2.180866739446558, -0.2757669723867895, 0, ref1};
Point(33) = {2.186239852089586, -0.365774920367591, 0, ref1};
Point(34) = {2.087900023767343, -0.3673532555423859, 0, ref1};
Point(35) = {1.99015763656809, -0.3476708979659348, 0, ref1};
Point(36) = {1.895457371258864, -0.3165892083551707, 0, ref1};
Point(37) = {1.803060823416179, -0.2790846717581876, 0, ref1};
Point(38) = {1.711728079588283, -0.2390465522484345, 0, ref1};
Point(39) = {1.620929104882406, -0.1978096002946294, 0, ref1};
Point(40) = {1.530363802316507, -0.1560612848637053, 0, ref1};
Point(41) = {1.439825495140846, -0.1142543910106815, 0, ref1};
Point(42) = {1.349146967492433, -0.0727527650940428, 0, ref1};
Point(43) = {1.258172261001871, -0.0319050478214915, 0, ref1};
Point(44) = {1.166736527916805, 0.0078988581991927, 0, ref1};
Point(45) = {1.074645657081177, 0.0461603318658965, 0, ref1};
Point(46) = {0.9816488073078824, 0.0821585321134545, 0, ref1};
Point(47) = {0.8873948889805554, 0.1147081711553892, 0, ref1};
Point(48) = {0.791367110227286, 0.1415129691176561, 0, ref1};
Point(49) = {0.6930912116553857, 0.1580856694838313, 0, ref1};
Point(50) = {0.5935360938686427, 0.1625682360639594, 0, ref1};
Point(51) = {0.4942794569862615, 0.1537497585862718, 0, ref1};
Point(52) = {0.3969805819884954, 0.1321607895900312, 0, ref1};
Point(53) = {0.3022727543696236, 0.10100687101956, 0, ref1};
Point(54) = {0.2091143502191672, 0.0654227232325803, 0, ref1};
Point(55) = {0.1154342682159921, 0.0312583670477842, 0, ref1};
Point(56) = {0.0195073014043923, 0.0041527564206611, 0, ref1};

